using System;
using System.Linq;
using System.Windows.Forms;
public class RemotePatch
{
    public static async void Run(dynamic status, dynamic memory)
    {
        status.Text = "Activating...";

        try
        {
            string aob = "C8 00 00 00 00 00 00 00 00 00 00 00 00 00 00 00 00 00 00 00 05 00 00 00 01 00 00 00 B4 C8 D6 3F 01 00 00 00 B4 C8 D6 3F 00 00 00 00 B4 C8 D6 3F 00 00 80 3F 00 00 80 3F 0A D7 A3 3D 00 00 00 00 00 00 5C 43 00 00 90 42 00 00 B4 42 96 00 00 00 00 00 00 00 00 00 00 3F 00 00 80 3E 00 00 00 00 04 00 00 00 00 00 80 3F 00 00 20 41 00 00 34 42 01 00 00 00 01 00 00 00 00 00 00 00 00 00 00 00 00 00 80 3F 8F C2 35 3F 9A 99 99 3F 00 00 80 3F 00 00 00 00 00 00 80 3F 00 00 80 3F 00 00 80 3F 00 00 00 00 00 00 00 00 00 00 00 3F 00 00 00 00 00 00 00 00 00 00 00 00 00 00 80 3F 00 00 80 3F 00 00 80 3F ?? ?? ?? ?? 01 00 00 00 0A D7 23 3C CD CC CC 3D 9A 99 19 3F 1F 85 6B 3F 00 00 00 00 01 00 00 00 00 00 00 00 00 00 00 00 00 00 00 00 00 00 00 00 00 00 00 00 00 00 00 3F 00 00 00 3F 00 00 00 00 00 00 00 00 00 00 00 00 00 00 00 00 00 00 00 00 00 00 00 00 00 00 00 00 00 00 00 00 00 00 00 00 00 00 00 00 00 00 00 00 00 00 00 00 00 00 00 00 00 00 00 00 00 00 00 00 00 00 00 00 CD CC 4C 3E 01 00 00 00 00 00 00 00 ?? ?? ?? ?? 00 00 00 00 00 00 00 00 00 00 00 00 00 00 00 00 00 00 00 00 00 00 00 00 00 00 00 00 00 00 00 00 00 00 00 00 00 00 00 00 00 00 00 00 00 00 00 00 00 00 00 00 00 00 00 00 00 00 00 00 00 00 00 00 00 00 00 00 00 00 00 00 00 00 00 00 00 00 00 00 00 00 00 00 00 00 00 00 00 00 00 00 00 00 00 00 00 00 00 00 00 00 00 00 00 00 00 00 00 00 00 00 00 00 00 00 00 00 00 00 00 00 00 00 00 00 00 00 00 00 00 00 00 00 00 00 00 00 00 00 00 00 00 00 00 00 00 00 00 00 00 00 00 00 00 00 00 00 00 00 00 00 00 00 00 00 00 00 00 00 00 00 ?? ?? ?? ?? 00 00 00 00 ?? ?? ?? ?? ?? ?? ?? ?? 00 00 00 00 00 00 80 3F 00 00 00 00 00 00 00 00 00 00 00 00 00 00 00 00 00 00 00 00 00 00 00 00 00 00 00 00 00 00 00 00 00 00 00 00 00 00 00 00 00 00 00 00 00 00 00 00 00 00 00 00 00 00 00 00 00 00 00 00 00 00 00 00 ?? ?? ?? ?? 00 00 00 00 04 00 00 00 01 00 00 00 00 00 00 00 00 00 00 00 01";
            string patch = "C8 00 00 00 00 00 00 00 00 00 00 00 00 00 00 00 00 00 00 00 05 00 00 00 01 00 00 00 B4 C8 D6 3F 01 00 00 00 B4 C8 D6 3F 00 00 00 00 B4 C8 D6 3F 00 00 80 3F 00 00 80 3F 0A D7 A3 3D 00 00 00 00 00 00 5C 43 00 00 90 42 00 00 B4 42 96 00 00 00 00 00 00 00 00 00 00 3F 00 00 80 3E 00 00 00 3C 04";
            string[] proc = { "HD-Player" };

            if (!memory.SetProcess(proc))
            {
                status.Text = "Process not found.";
                return;
            }

            var addrs = await memory.AoBScan(aob);
            if (addrs == null || !addrs.Any())
            {
                status.Text = "Pattern not found.";
                return;
            }

            foreach (var addr in addrs)
                memory.AobReplace(addr, patch);

            status.Text = "✅ Patch Applied";
            Console.Beep(2000, 400);
        }
        catch (Exception ex)
        {
            status.Text = "❌ Failed: " + ex.Message;
        }
    }
}
